361974361 1
-202950755 0
-738535836 0
-548894586 1
615473981 1
-280324712 1
-679563299 1
435289753 1
635906153 1
757355892 0
453882702 0
-371009902 0
650063660 0
460587642 0
829778993 0
313085300 1
-134538092 0
-368852185 0
356535033 0
-26228233 0
356606475 0
733166553 1
134866960 0
723284207 0
-463977278 0
621186777 1
-402735802 0
-230343311 0
-209549474 1
461007920 0
-476544719 1
539594052 0
-126262310 0
-80482912 0
132875792 1
62552236 1
-785717461 0
-637290675 1
-993179603 0
832926394 1
-340993593 1
540805416 1
679279784 1
48478407 1
295862452 1
-874870896 0
818984833 1
984117540 1
246812571 0
-791127519 1
-279777984 0
-100554396 0
-342442230 0
-150631171 1
-571225767 0
563677079 1
310543268 1
43256655 0
500302260 0
810996861 1
314916311 1
-772864859 1
689682997 0
-698853350 0
699239407 1
-517308509 1
-611071238 0
603426613 1
725547760 1
816260306 1
-540328699 1
521894343 1
796501749 1
962218391 0
-688395246 1
-557546409 0
-561106238 0
507552117 1
-388755048 1
329652706 1
659048377 0
479372270 1
951150390 0
-498937494 0
-791833136 1
-728351556 1
19358893 0
-282559416 1
151672022 1
270045249 1
250205957 1
230729165 0
200580080 1
236668663 0
-152449436 0
135507990 1
-829683725 1
290346283 1
306160697 1
39796445 1
